[mainback.jpg]
filters=sat=1,0.161800;CrossProcess=1,0.000000;
moddate=100eb15a00d0d101
width=1500
height=983
textactive=0
[lowback.jpg]
filters=bw=1;
moddate=89a84c0e06d0d101
width=1500
height=1001
textactive=0
